<?xml version="1.0" encoding="UTF-8"?>
<status title='WSRA' pwd='wsra' yAxis='Client' xAxis='Server'>
    <test id='1' name='4.1'/>
    <test id='2' name='4.2'/>
    <test id='3' name='4.3'/>
    <test id='4' name='4.4'/>
    <test id='5' name='4.5'/>
    <test id='6' name='4.6'/>
    <test id='7' name='4.7'/>
    <test id='8' name='5.1'/>
    <test id='9' name='5.10'/>
    <test id='10' name='5.2'/>
    <test id='11' name='5.3'/>
    <test id='12' name='5.4'/>
    <test id='13' name='5.5'/>
    <test id='14' name='5.6'/>
    <test id='15' name='5.7'/>
    <test id='16' name='5.8'/>
    <test id='17' name='5.9'/>
    <test id='18' name='6.1'/>
    <test id='19' name='6.2'/>
    <test id='20' name='6.3'/>
    <test id='21' name='6.4'/>
    <test id='22' name='6.5'/>
    <test id='23' name='6.6'/>
    <test id='24' name='7.1'/>
    <test id='25' name='7.10'/>
    <test id='26' name='7.11'/>
    <test id='27' name='7.12'/>
    <test id='28' name='7.13'/>
    <test id='29' name='7.14'/>
    <test id='30' name='7.2'/>
    <test id='31' name='7.3'/>
    <test id='32' name='7.4'/>
    <test id='33' name='7.5'/>
    <test id='34' name='7.6'/>
    <test id='35' name='7.7'/>
    <test id='36' name='7.8'/>
    <test id='37' name='7.9'/>
    <status id='1' name='pass' color='green' />
    <status id='2' name='fail' color='red' />
    <status id='3' name='not run' color='white' default='true'/>
    <part id='1' name='IBM' url='http://10.0.2.15:8080/wsra/services/Tracker'>
        <clientNot></clientNot>
        <serverNot></serverNot>
        <part id='1' s1=',1,2,3,4,5,6,7,8,9,10,11,12,13,14,15,16,17,18,19,20,21,22,23,24,25,26,27,28,29,30,31,32,33,34,35,36,37' />
        <part id='2' s1=',1,2,3,4,5,8,10,11,13,14,16' s2=',12' s3=',6,7,9,15,17,18,19,20,21,22,23,24,25,26,27,28,29,30,31,32,33,34,35,36,37' />
        <part id='3' s1=',18,19,20,21,22,23,24,25,26,27,28,29,30,31,32,33,34,35,36,37' s3=',1,2,3,4,5,6,7,8,9,10,11,12,13,14,15,16,17' />
        <part id='4' s1=',8,9,10,11,12,13,14,15,16,17' s3=',1,2,3,4,5,6,7,18,19,20,21,22,23,24,25,26,27,28,29,30,31,32,33,34,35,36,37' />
    </part>
    <part id='2' name='Oracle' url='http://10.0.2.13:8010/wsraService11'>
        <clientNot>18,19,20,21,22,23,24,25,26,27,28,29,30,31,32,33,34,35,36,37,</clientNot>
        <serverNot>18,19,20,21,22,23,24,25,26,27,28,29,30,31,32,33,34,35,36,37,</serverNot>
        <part id='1' s1=',1,2,3,4,5,8,10,11,13,14,15,16' s3=',6,7,9,12,17,18,19,20,21,22,23,24,25,26,27,28,29,30,31,32,33,34,35,36,37' />
        <part id='2' s1=',1,2,3,4,5,8,10,11,13,14,16' s2=',12' s3=',6,7,9,15,17,18,19,20,21,22,23,24,25,26,27,28,29,30,31,32,33,34,35,36,37' />
        <part id='3' s1=',3,4' s3=',1,2,5,6,7,8,9,10,11,12,13,14,15,16,17,18,19,20,21,22,23,24,25,26,27,28,29,30,31,32,33,34,35,36,37' />
        <part id='4' s1=',8,10,11,13,14,15,16' s3=',1,2,3,4,5,6,7,9,12,17,18,19,20,21,22,23,24,25,26,27,28,29,30,31,32,33,34,35,36,37' />
    </part>
    <part id='3' name='MSFT' url='http://10.0.2.16:8080/wsra/AnimalResource.svc  &lt;BR&gt;http://10.0.2.16:8080/wsra/AnimalEnumeration.svc &lt;BR&gt;http://10.0.2.16:8080/wsra/FaultedEnumeration.svc'>
        <clientNot>1,2,3,4,5,6,7,8,9,10,11,12,13,14,15,16,17,</clientNot>
        <serverNot>1,2,3,4,5,6,7,8,9,10,11,12,13,14,15,16,17,</serverNot>
        <part id='1' s1=',1,2,3,4,5,18,19,20,21,22,23,24,25,26,27,28,29,30,31,32,33,34,35,36,37' s3=',6,7,8,9,10,11,12,13,14,15,16,17' />
        <part id='2' s1=',1,2,3,4,5' s3=',6,7,8,9,10,11,12,13,14,15,16,17,18,19,20,21,22,23,24,25,26,27,28,29,30,31,32,33,34,35,36,37' />
        <part id='3' s1=',18,19,20,21,22,23,24,25,26,27,28,29,30,31,32,33,34,35,36,37' s3=',1,2,3,4,5,6,7,8,9,10,11,12,13,14,15,16,17' />
        <part id='4' s3=',1,2,3,4,5,6,7,8,9,10,11,12,13,14,15,16,17,18,19,20,21,22,23,24,25,26,27,28,29,30,31,32,33,34,35,36,37' />
    </part>
    <part id='4' name='Avaya' url='http://10.0.2.14:8084/ws-eventing/EventServices'>
        <clientNot>1,2,3,4,5,6,7,18,19,20,21,22,23,24,25,26,27,28,29,30,31,32,33,34,35,36,37,</clientNot>
        <serverNot>1,2,3,4,5,6,7,18,19,20,21,22,23,24,25,26,27,28,29,30,31,32,33,34,35,36,37,</serverNot>
        <part id='1' s1=',8,9,10,11,12,13,14,15,16,17' s3=',1,2,3,4,5,6,7,18,19,20,21,22,23,24,25,26,27,28,29,30,31,32,33,34,35,36,37' />
        <part id='2' s1=',8,9,10,11,13,14,16,17' s2=',12' s3=',1,2,3,4,5,6,7,15,18,19,20,21,22,23,24,25,26,27,28,29,30,31,32,33,34,35,36,37' />
        <part id='3' s3=',1,2,3,4,5,6,7,8,9,10,11,12,13,14,15,16,17,18,19,20,21,22,23,24,25,26,27,28,29,30,31,32,33,34,35,36,37' />
        <part id='4' s1=',8,9,10,11,12,13,14,15,16,17' s3=',1,2,3,4,5,6,7,18,19,20,21,22,23,24,25,26,27,28,29,30,31,32,33,34,35,36,37' />
    </part>
</status>
